Sorted Min: 290709
Sorted Max: 2147089046
100 Min: 
80459803 54340619 1073478 1937313 31920288 12235828 2266108 33962981 68588669 290709 
18119624 4185085 52291674 5982215 1230407 46814155 24092611 479414 70819063 40567746 
14569039 99555575 64250963 28776419 41999590 18386316 6688102 3732585 49134684 8622813 
13492108 34277349 17049726 73356989 68957112 11658183 13751405 30514874 3032226 38239602 
46012818 47443830 19319008 9745413 8543843 12672405 45773716 3718062 5825507 33444852 
382525 36494799 2375335 27450047 17223746 6654652 29143703 54839388 25598021 18769745 
18732683 24228221 8010280 34721361 14496747 5080365 32974129 7436802 13956518 16260089 
9215851 14435986 723862 29440572 11636555 12008424 11930030 29959058 366003 8535497 
645148 3060006 23676955 3309726 2676291 18404637 14615575 13215590 73596563 17125261 
14759616 29750158 986474 43539992 73637720 31784422 4818766 43434623 3698838 24073258 
Top 5 Min: 
290709 3032226 382525 366003 645148 
Grand Min: 290709
